Number of rows = 20
Number of cols = 20
Max value for each element = 100
The number of processors is 2
  776   260   -86   -86  -376  -460  -386   160   334   776   260   -86   -86  -376  -460  -386    39   334   776   260 
  260   692   239   239  -207  -397  -428  -197   -76   260   692   239   239  -207  -397  -428  -265   -76   260   692 
  -86   239   734   734   129  -165  -302  -386  -318   -86   239   734   734   129  -165  -302  -402  -318   -86   239 
  -86   239   734   734   129  -165  -302  -386  -318   -86   239   734   734   129  -165  -302  -402  -318   -86   239 
 -376  -207   129   129   866   413   118  -439  -449  -376  -207   129   129   866   413   118  -376  -449  -376  -207 
 -460  -397  -165  -165   413   908   508  -365  -428  -460  -397  -165  -165   413   908   508  -249  -428  -460  -397 
 -386  -428  -302  -302   118   508  1055  -133  -249  -386  -428  -302  -302   118   508  1055    34  -249  -386  -428 
  160  -197  -386  -386  -439  -365  -133   887   613   160  -197  -386  -386  -439  -365  -133   687   613   160  -197 
  334   -76  -318  -318  -449  -428  -249   613   839   334   -76  -318  -318  -449  -428  -249   439   839   334   -76 
  776   260   -86   -86  -376  -460  -386   160   334   776   260   -86   -86  -376  -460  -386    39   334   776   260 
  260   692   239   239  -207  -397  -428  -197   -76   260   692   239   239  -207  -397  -428  -265   -76   260   692 
  -86   239   734   734   129  -165  -302  -386  -318   -86   239   734   734   129  -165  -302  -402  -318   -86   239 
  -86   239   734   734   129  -165  -302  -386  -318   -86   239   734   734   129  -165  -302  -402  -318   -86   239 
 -376  -207   129   129   866   413   118  -439  -449  -376  -207   129   129   866   413   118  -376  -449  -376  -207 
 -460  -397  -165  -165   413   908   508  -365  -428  -460  -397  -165  -165   413   908   508  -249  -428  -460  -397 
 -386  -428  -302  -302   118   508  1055  -133  -249  -386  -428  -302  -302   118   508  1055    34  -249  -386  -428 
   39  -265  -402  -402  -376  -249    34   687   439    39  -265  -402  -402  -376  -249    34   987   439    39  -265 
  334   -76  -318  -318  -449  -428  -249   613   839   334   -76  -318  -318  -449  -428  -249   439   839   334   -76 
  776   260   -86   -86  -376  -460  -386   160   334   776   260   -86   -86  -376  -460  -386    39   334   776   260 
  260   692   239   239  -207  -397  -428  -197   -76   260   692   239   239  -207  -397  -428  -265   -76   260   692 
